Algorithm 1 Algorithm 2  Mean Makespan Alg1  Std Makespan Alg1  Mean Makespan Alg2  Std Makespan Alg2  Wilcoxon Makespan Stat  Wilcoxon Makespan p-value  Mean LoadBalance Alg1  Std LoadBalance Alg1  Mean LoadBalance Alg2  Std LoadBalance Alg2  Wilcoxon LoadBalance Stat  Wilcoxon LoadBalance p-value
        MSE       IPEFT          195.727273          38.033695          215.636364          80.193258                    28.0                   0.700195               1.026012              0.014352               1.193699              0.225679                        1.0                      0.001953
        MSE       IHEFT          195.727273          38.033695          230.090909          92.801307                    17.0                   0.284190               1.026012              0.014352               1.473864              0.320079                        0.0                      0.000977
        MSE        CPOP          195.727273          38.033695          236.272727          75.957034                     1.5                   0.002930               1.026012              0.014352               1.268312              0.175166                        0.0                      0.000977
        MSE        HEFT          195.727273          38.033695          212.909091          82.362232                    31.5                   0.965820               1.026012              0.014352               1.193544              0.185493                        0.0                      0.000977
      IPEFT         MSE          215.636364          80.193258          195.727273          38.033695                    28.0                   0.700195               1.193699              0.225679               1.026012              0.014352                        1.0                      0.001953
      IPEFT       IHEFT          215.636364          80.193258          230.090909          92.801307                    15.5                   0.147461               1.193699              0.225679               1.473864              0.320079                        0.0                      0.000977
      IPEFT        CPOP          215.636364          80.193258          236.272727          75.957034                     1.0                   0.006874               1.193699              0.225679               1.268312              0.175166                        7.0                      0.018555
      IPEFT        HEFT          215.636364          80.193258          212.909091          82.362232                    19.5                   0.278320               1.193699              0.225679               1.193544              0.185493                       25.0                      0.519531
      IHEFT         MSE          230.090909          92.801307          195.727273          38.033695                    17.0                   0.284190               1.473864              0.320079               1.026012              0.014352                        0.0                      0.000977
      IHEFT       IPEFT          230.090909          92.801307          215.636364          80.193258                    15.5                   0.147461               1.473864              0.320079               1.193699              0.225679                        0.0                      0.000977
      IHEFT        CPOP          230.090909          92.801307          236.272727          75.957034                    22.5                   0.413086               1.473864              0.320079               1.268312              0.175166                        2.0                      0.002930
      IHEFT        HEFT          230.090909          92.801307          212.909091          82.362232                     7.0                   0.018555               1.473864              0.320079               1.193544              0.185493                        0.0                      0.000977
       CPOP         MSE          236.272727          75.957034          195.727273          38.033695                     1.5                   0.002930               1.268312              0.175166               1.026012              0.014352                        0.0                      0.000977
       CPOP       IPEFT          236.272727          75.957034          215.636364          80.193258                     1.0                   0.006874               1.268312              0.175166               1.193699              0.225679                        7.0                      0.018555
       CPOP       IHEFT          236.272727          75.957034          230.090909          92.801307                    22.5                   0.413086               1.268312              0.175166               1.473864              0.320079                        2.0                      0.002930
       CPOP        HEFT          236.272727          75.957034          212.909091          82.362232                     4.0                   0.006836               1.268312              0.175166               1.193544              0.185493                        8.0                      0.024414
       HEFT         MSE          212.909091          82.362232          195.727273          38.033695                    31.5                   0.965820               1.193544              0.185493               1.026012              0.014352                        0.0                      0.000977
       HEFT       IPEFT          212.909091          82.362232          215.636364          80.193258                    19.5                   0.278320               1.193544              0.185493               1.193699              0.225679                       25.0                      0.519531
       HEFT       IHEFT          212.909091          82.362232          230.090909          92.801307                     7.0                   0.018555               1.193544              0.185493               1.473864              0.320079                        0.0                      0.000977
       HEFT        CPOP          212.909091          82.362232          236.272727          75.957034                     4.0                   0.006836               1.193544              0.185493               1.268312              0.175166                        8.0                      0.024414