88    4
0    0    0    0    0    0    
1    7    1    8    4    1    0    3    
2    5    1    6    4    1    0    1    
3    5    8    5    9    1    1    6    
4    11    10    8    6    1    1    9    
5    15    18    12    17    1    1    2    
6    34    37    30    30    2    1    4    6    4    
7    15    12    15    5    1    1    8    
8    16    15    20    18    1    1    8    
9    9    9    7    9    2    5    6    1    7    
10    59    66    62    64    1    5    4    
11    67    74    67    70    1    5    2    
12    44    38    48    43    1    5    5    
13    21    18    17    24    1    6    7    
14    27    27    29    25    1    6    9    
15    14    10    12    14    1    6    2    
16    25    15    24    17    3    2    7    8    4    4    7    
17    13    12    15    12    1    2    9    
18    10    11    16    17    1    9    4    
19    31    24    29    30    3    12    15    17    10    7    2    
20    49    46    41    42    2    9    18    7    8    
21    37    41    35    37    1    9    9    
22    58    65    57    62    1    9    9    
23    19    16    15    24    1    9    4    
24    19    15    14    18    1    9    5    
25    45    46    44    42    1    9    5    
26    62    56    60    56    1    9    8    
27    18    13    12    10    1    9    10    
28    15    19    17    18    2    10    13    3    9    
29    47    39    39    47    3    11    14    19    4    3    10    
30    9    9    13    12    1    19    10    
31    25    24    26    25    3    26    27    30    7    1    3    
32    32    31    29    33    1    20    2    
33    20    23    17    17    1    20    8    
34    13    11    17    15    1    21    10    
35    37    34    33    41    1    21    1    
36    57    62    64    58    1    21    9    
37    75    68    72    66    1    21    7    
38    22    17    16    13    2    22    23    4    10    
39    44    48    42    48    3    24    25    31    7    4    1    
40    32    30    32    28    1    31    10    
41    40    47    47    48    2    20    34    5    10    
42    18    12    17    22    2    33    36    5    5    
43    12    12    13    18    1    35    10    
44    65    61    66    61    1    35    4    
45    36    36    34    41    1    35    6    
46    71    76    66    69    1    35    6    
47    22    21    19    23    1    41    2    
48    33    32    31    29    1    41    2    
49    46    41    48    40    2    32    37    8    4    
50    32    37    34    28    1    40    2    
51    47    46    48    40    2    41    43    10    3    
52    12    12    16    13    2    44    47    4    8    
53    121    111    111    120    1    45    1    
54    88    90    91    92    1    45    7    
55    41    41    39    38    1    45    3    
56    45    46    47    48    3    46    48    50    9    5    3    
57    34    28    32    33    1    50    2    
58    77    73    73    74    1    51    7    
59    42    45    42    45    1    51    8    
60    17    14    10    10    1    51    5    
61    34    30    29    28    3    55    57    60    7    6    3    
62    19    13    13    12    2    53    58    2    2    
63    47    47    44    41    3    54    59    61    3    5    5    
64    50    44    48    46    1    63    7    
65    15    21    13    22    2    62    64    5    1    
66    34    34    34    37    1    65    5    
67    34    24    30    29    1    56    9    
68    47    47    50    48    1    56    9    
69    28    34    32    27    3    52    66    67    3    2    9    
70    30    32    34    29    1    49    6    
71    32    30    36    31    1    69    10    
72    49    50    50    50    2    49    68    9    3    
73    41    48    40    46    2    39    72    10    2    
74    46    38    43    44    1    72    2    
75    32    27    27    29    3    42    70    71    7    1    9    
76    36    41    42    44    2    74    75    8    2    
77    16    18    14    17    1    39    5    
78    29    26    29    32    3    38    76    77    3    7    2    
79    16    16    19    18    1    73    7    
80    21    13    20    17    2    29    73    10    10    
81    49    49    48    42    2    16    80    3    6    
82    25    29    32    24    1    29    9    
83    15    16    15    8    2    78    79    4    10    
84    33    28    32    26    3    28    82    83    8    6    8    
85    25    34    24    24    1    80    6    
86    39    39    37    36    2    84    85    3    4    
87    31    27    32    24    1    16    6    
88    34    24    27    34    3    3    86    87    5    9    9    
89    0    0    0    0    2    81    88    0    0    